# Detailed NYC marathon course track derived from the 2024 TCS New York City Marathon GPX track and used to keep the rendered course aligned with the official NYRR map when public routers are unavailable.
40.601905,-74.059344
40.602068,-74.058683
40.602232,-74.058022
40.602602,-74.056901
40.602973,-74.055780
40.603291,-74.054788
40.603608,-74.053795
40.603759,-74.053318
40.603910,-74.052840
40.604036,-74.052449
40.604162,-74.052057
40.604544,-74.050891
40.604926,-74.049724
40.605309,-74.048558
40.605343,-74.048452
40.605725,-74.047286
40.606107,-74.046119
40.606489,-74.044953
40.606826,-74.043925
40.607203,-74.042756
40.607580,-74.041586
40.607819,-74.040846
40.608129,-74.039901
40.608438,-74.038957
40.608819,-74.037790
40.609200,-74.036623
40.609514,-74.035664
40.609889,-74.034493
40.610264,-74.033323
40.610312,-74.033175
40.610499,-74.032542
40.610686,-74.031909
40.610809,-74.031501
40.610931,-74.031093
40.611057,-74.030793
40.611183,-74.030492
40.611461,-74.030070
40.611739,-74.029648
40.612023,-74.029389
40.612307,-74.029130
40.612539,-74.028958
40.612771,-74.028786
40.613024,-74.028625
40.613276,-74.028465
40.613464,-74.028330
40.613651,-74.028196
40.613928,-74.027982
40.614205,-74.027767
40.614413,-74.027563
40.614620,-74.027359
40.614779,-74.027145
40.614938,-74.026930
40.615097,-74.026694
40.615256,-74.026458
40.615308,-74.026319
40.615361,-74.026179
40.615721,-74.025970
40.616080,-74.025760
40.616540,-74.026680
40.616670,-74.026950
40.616970,-74.027490
40.617060,-74.027610
40.617220,-74.027930
40.617360,-74.028200
40.617910,-74.029310
40.618210,-74.029900
40.618340,-74.030190
40.618720,-74.030030
40.618910,-74.029950
40.620530,-74.029290
40.622090,-74.028650
40.625430,-74.027290
40.632420,-74.024420
40.633730,-74.023880
40.635980,-74.022970
40.636580,-74.022740
40.636820,-74.022630
40.636960,-74.022480
40.637220,-74.022210
40.637380,-74.022050
40.637750,-74.021660
40.637810,-74.021590
40.637890,-74.021440
40.637990,-74.021320
40.638130,-74.021190
40.638230,-74.021040
40.638810,-74.020450
40.639520,-74.019700
40.640820,-74.018370
40.642510,-74.016610
40.645750,-74.013230
40.647960,-74.010940
40.649040,-74.009810
40.650190,-74.008610
40.650440,-74.008360
40.650920,-74.007870
40.651480,-74.007280
40.652430,-74.006280
40.653310,-74.005360
40.654350,-74.004270
40.655000,-74.003610
40.655410,-74.003210
40.656520,-74.002020
40.657290,-74.001210
40.658340,-74.000130
40.659320,-73.999120
40.660430,-73.997950
40.661940,-73.996390
40.664450,-73.993800
40.664580,-73.993650
40.665590,-73.992630
40.666110,-73.992160
40.666800,-73.991590
40.667320,-73.991170
40.667920,-73.990670
40.668970,-73.989790
40.669370,-73.989450
40.670300,-73.988690
40.671530,-73.987660
40.673740,-73.985810
40.674340,-73.985340
40.674940,-73.984810
40.675730,-73.984140
40.676090,-73.983850
40.676760,-73.983400
40.677870,-73.982650
40.678970,-73.981900
40.684863,-73.978089
40.685604,-73.978555
40.686691,-73.979274
40.686720,-73.979280
40.686820,-73.978220
40.686940,-73.977160
40.686990,-73.976640
40.687060,-73.976270
40.687100,-73.975560
40.687250,-73.974240
40.687530,-73.971840
40.687550,-73.971560
40.687620,-73.971000
40.687770,-73.969620
40.687870,-73.968790
40.688410,-73.964190
40.688660,-73.961960
40.689100,-73.958150
40.689450,-73.955120
40.690340,-73.955300
40.694510,-73.956130
40.696610,-73.956550
40.698490,-73.956900
40.699000,-73.957000
40.699720,-73.957180
40.700030,-73.957220
40.700670,-73.957360
40.700830,-73.957430
40.701450,-73.958140
40.702970,-73.959820
40.703290,-73.960170
40.703660,-73.960590
40.704090,-73.961070
40.705920,-73.963110
40.706890,-73.964210
40.707040,-73.964380
40.707120,-73.964410
40.707170,-73.964440
40.707220,-73.964450
40.707390,-73.964450
40.708210,-73.964290
40.709540,-73.964030
40.710070,-73.963930
40.710270,-73.963900
40.710400,-73.963860
40.710960,-73.963530
40.712440,-73.962610
40.713680,-73.961830
40.713960,-73.961650
40.714320,-73.961420
40.714580,-73.961230
40.715640,-73.960090
40.717040,-73.958590
40.718210,-73.957330
40.722850,-73.952340
40.723455,-73.951687
40.723764,-73.950796
40.725010,-73.951490
40.728510,-73.953500
40.728890,-73.953700
40.729290,-73.953880
40.730192,-73.954232
40.730459,-73.951564
40.730977,-73.951653
40.732583,-73.951906
40.734660,-73.952315
40.735457,-73.952530
40.738003,-73.952959
40.740492,-73.952187
40.743632,-73.951205
40.744040,-73.953250
40.744120,-73.953640
40.744420,-73.953540
40.745500,-73.953180
40.746670,-73.952790
40.747570,-73.952490
40.748270,-73.952240
40.748550,-73.952000
40.748940,-73.951640
40.748810,-73.950940
40.748800,-73.950880
40.747439,-73.943745
40.747691,-73.943262
40.749154,-73.941921
40.749359,-73.941745
40.749827,-73.941289
40.750550,-73.940649
40.751058,-73.941052
40.751497,-73.942028
40.752570,-73.944460
40.753760,-73.947190
40.754800,-73.949600
40.755350,-73.950860
40.758270,-73.957550
40.760390,-73.962641
40.760333,-73.963038
40.760203,-73.963070
40.760106,-73.963038
40.759651,-73.961965
40.761780,-73.960390
40.762740,-73.959680
40.763690,-73.959010
40.765470,-73.957710
40.767190,-73.956450
40.769620,-73.954690
40.771340,-73.953430
40.772380,-73.952660
40.773080,-73.952160
40.775180,-73.950600
40.776190,-73.949850
40.776880,-73.949370
40.779130,-73.947730
40.779730,-73.947300
40.780070,-73.947020
40.781080,-73.946310
40.781850,-73.945730
40.782580,-73.945220
40.783570,-73.944500
40.784970,-73.943470
40.787510,-73.941600
40.789230,-73.940360
40.790290,-73.939580
40.791470,-73.938730
40.792830,-73.937740
40.793410,-73.937310
40.793460,-73.937290
40.793540,-73.937200
40.794070,-73.936810
40.794470,-73.936520
40.795120,-73.936060
40.796380,-73.935150
40.797000,-73.934700
40.797310,-73.934460
40.797800,-73.934110
40.798740,-73.933420
40.800300,-73.932270
40.801430,-73.931440
40.802560,-73.930590
40.802740,-73.930380
40.802850,-73.930230
40.802970,-73.930010
40.803390,-73.929110
40.803780,-73.928320
40.804590,-73.926730
40.804710,-73.926520
40.804740,-73.926350
40.805450,-73.925485
40.806019,-73.925002
40.807161,-73.924256
40.808146,-73.926461
40.810081,-73.925111
40.810995,-73.927150
40.812984,-73.925787
40.813350,-73.926699
40.812245,-73.927461
40.811742,-73.928158
40.812680,-73.929390
40.812840,-73.929570
40.812880,-73.929600
40.813150,-73.929920
40.813410,-73.930480
40.814080,-73.932000
40.814130,-73.932130
40.814160,-73.932320
40.814180,-73.933100
40.814230,-73.934420
40.814270,-73.934810
40.814320,-73.935020
40.814530,-73.935510
40.814800,-73.936160
40.813430,-73.937150
40.812640,-73.937750
40.812250,-73.938040
40.809590,-73.939950
40.807710,-73.941320
40.806190,-73.942460
40.805750,-73.942750
40.805910,-73.943160
40.806170,-73.943790
40.806430,-73.944380
40.806310,-73.944440
40.806070,-73.944610
40.805840,-73.944770
40.805290,-73.945170
40.804530,-73.945730
40.804170,-73.945990
40.803900,-73.946190
40.803650,-73.945620
40.803610,-73.945520
40.803290,-73.944740
40.803240,-73.944610
40.803120,-73.944700
40.802750,-73.944980
40.802620,-73.945070
40.802240,-73.945340
40.801860,-73.945620
40.801070,-73.946180
40.800680,-73.946470
40.800400,-73.946670
40.799860,-73.947060
40.798630,-73.947960
40.798040,-73.948410
40.797610,-73.948730
40.797170,-73.949040
40.796640,-73.949400
40.794240,-73.951150
40.792090,-73.952720
40.788070,-73.955660
40.786730,-73.956620
40.784113,-73.958575
40.784211,-73.958854
40.784220,-73.958890
40.784100,-73.958980
40.782010,-73.960510
40.781840,-73.960640
40.781730,-73.960760
40.781620,-73.960960
40.781540,-73.961260
40.781520,-73.961520
40.781530,-73.961670
40.781630,-73.962360
40.781630,-73.962540
40.781550,-73.963000
40.781440,-73.963400
40.781280,-73.963750
40.781130,-73.963970
40.781010,-73.964100
40.780860,-73.964230
40.780390,-73.964580
40.779890,-73.964850
40.779590,-73.965050
40.779240,-73.965360
40.778960,-73.965720
40.778650,-73.966110
40.778480,-73.966260
40.778410,-73.966320
40.778230,-73.966460
40.777910,-73.966670
40.777570,-73.966840
40.777340,-73.966930
40.776910,-73.967070
40.776330,-73.967320
40.776250,-73.967340
40.776140,-73.967340
40.775810,-73.967290
40.775660,-73.967300
40.775530,-73.967360
40.775440,-73.967460
40.775270,-73.967720
40.775040,-73.968220
40.774890,-73.968470
40.774700,-73.968680
40.774260,-73.969080
40.774100,-73.969150
40.773960,-73.969170
40.773720,-73.969140
40.773540,-73.969080
40.773370,-73.968970
40.773200,-73.968860
40.773060,-73.968820
40.772930,-73.968800
40.772810,-73.968810
40.772600,-73.968870
40.771960,-73.969210
40.771860,-73.969280
40.771740,-73.969370
40.771640,-73.969480
40.771510,-73.969670
40.771430,-73.969810
40.771240,-73.970240
40.771120,-73.970510
40.771010,-73.970690
40.770890,-73.970820
40.770810,-73.970890
40.770600,-73.971010
40.770190,-73.971210
40.770060,-73.971300
40.769940,-73.971410
40.769820,-73.971580
40.769680,-73.971820
40.769530,-73.972240
40.769450,-73.972470
40.769350,-73.972600
40.769170,-73.972770
40.768850,-73.972950
40.768450,-73.973070
40.768150,-73.973130
40.767790,-73.973140
40.767430,-73.973100
40.767380,-73.973090
40.767180,-73.973030
40.766880,-73.972910
40.766580,-73.972700
40.766430,-73.972610
40.766240,-73.972550
40.766080,-73.972560
40.765790,-73.972680
40.765710,-73.972750
40.764601,-73.973615
40.765628,-73.976072
40.767631,-73.980808
40.767846,-73.981162
40.767990,-73.981150
40.768140,-73.981140
40.768240,-73.981170
40.768330,-73.981220
40.768460,-73.980950
40.768630,-73.980510
40.768710,-73.980310
40.768780,-73.980210
40.768860,-73.980090
40.768900,-73.979950
40.769030,-73.979980
40.769120,-73.979980
40.769270,-73.979900
40.769630,-73.979690
40.769830,-73.979530
40.770070,-73.979300
40.770620,-73.978700
40.770960,-73.978260
40.771180,-73.977910
40.771480,-73.977450
40.771620,-73.977290
40.771830,-73.977090
40.772110,-73.976890
40.772310,-73.976780
40.772660,-73.976640
40.772900,-73.976550
